Ordem: 3
Iteração: 0
3 2 4 
1 0 0 
4 0 1 
Tempo Baseline: 1220
Tempo Otimizado: 710

Ordem: 3
Iteração: 1
4 2 4 
0 0 0 
3 1 4 
Tempo Baseline: 570
Tempo Otimizado: 160

Ordem: 3
Iteração: 2
0 0 0 
1 0 1 
4 1 3 
Tempo Baseline: 580
Tempo Otimizado: 120

Ordem: 5
Iteração: 0
12 3 2 11 9 
0 10 6 3 10 
2 9 6 0 4 
7 6 12 11 5 
5 5 11 10 12 
Tempo Baseline: 11700
Tempo Otimizado: 9200

Ordem: 5
Iteração: 1
11 4 11 3 12 
12 9 6 2 3 
9 11 8 5 10 
2 9 5 4 12 
0 12 9 9 2 
Tempo Baseline: 11450
Tempo Otimizado: 9600

Ordem: 5
Iteração: 2
1 3 8 1 9 
10 7 1 9 6 
12 5 4 11 5 
11 6 10 2 8 
10 10 10 12 11 
Tempo Baseline: 14370
Tempo Otimizado: 22120

Ordem: 7
Iteração: 0
21 22 0 3 8 7 23 
18 1 21 20 22 14 2 
16 7 7 4 20 9 5 
9 12 17 13 10 20 19 
4 1 16 18 0 6 4 
17 8 13 10 12 1 16 
19 13 10 17 8 1 17 
Tempo Baseline: 485218
Tempo Otimizado: 382898

Ordem: 7
Iteração: 1
12 0 9 18 23 7 12 
13 19 22 8 13 19 13 
8 15 6 21 15 14 12 
8 16 7 19 24 0 15 
16 1 12 1 21 2 7 
14 8 7 2 16 4 2 
18 10 21 10 5 15 2 
Tempo Baseline: 732846
Tempo Otimizado: 373679

Ordem: 7
Iteração: 2
0 3 6 17 6 20 24 
5 21 24 2 9 12 14 
7 12 6 18 5 11 6 
3 5 24 24 8 16 2 
16 14 7 16 11 7 7 
5 13 5 21 5 14 21 
0 14 22 18 13 12 20 
Tempo Baseline: 460637
Tempo Otimizado: 352469

Ordem: 9
Iteração: 0
17 20 30 33 31 7 3 21 5 
32 26 13 39 1 36 6 33 22 
29 29 14 18 8 31 26 8 12 
6 30 2 22 30 15 7 11 5 
30 6 19 19 35 27 15 1 33 
2 32 31 28 22 39 32 36 21 
13 31 18 39 15 6 3 7 21 
9 16 3 30 0 8 23 0 40 
24 3 19 29 17 24 18 35 32 
Tempo Baseline: 62529144
Tempo Otimizado: 79235340

Ordem: 9
Iteração: 1
21 33 2 13 1 2 20 20 24 
37 40 20 1 32 28 6 26 0 
40 29 3 7 18 21 30 16 16 
22 32 7 33 12 32 21 35 4 
40 11 36 25 23 24 15 12 19 
27 35 4 20 32 13 29 38 35 
31 9 15 5 27 11 35 25 35 
6 8 23 25 16 25 30 34 19 
25 35 24 29 34 8 40 29 36 
Tempo Baseline: 88854641
Tempo Otimizado: 71898387

Ordem: 9
Iteração: 2
0 4 23 33 40 2 11 2 22 
6 15 7 0 31 10 0 26 10 
36 14 7 39 19 34 3 12 18 
1 18 16 39 18 37 35 21 12 
33 33 37 16 38 26 19 36 1 
0 24 37 10 1 38 34 29 33 
2 15 25 1 34 20 26 27 1 
20 27 6 14 0 28 26 29 25 
35 16 2 5 35 19 9 13 31 
Tempo Baseline: 88539453
Tempo Otimizado: 44361456

Ordem: 11
Iteração: 0
11 28 22 31 59 38 56 28 46 59 18 
48 51 14 52 23 25 31 17 17 57 44 
4 0 23 44 1 59 47 27 38 3 41 
6 60 2 44 41 55 58 0 15 19 43 
27 27 9 5 23 54 13 59 15 0 50 
28 47 44 11 24 3 44 58 20 39 47 
53 44 21 9 23 36 58 41 48 57 58 
20 33 18 60 19 33 8 15 5 47 42 
39 15 6 42 54 20 53 34 25 30 36 
54 24 3 45 48 56 2 38 58 0 57 
57 16 34 34 3 41 16 3 21 19 29 
Tempo Baseline: 9239525960
Tempo Otimizado: 6644894802

Ordem: 11
Iteração: 1
27 51 17 30 40 28 25 1 24 53 0 
33 20 1 41 34 20 42 4 10 38 45 
17 17 42 0 24 20 36 55 43 44 7 
41 58 43 40 15 18 47 54 23 39 13 
48 43 6 49 19 20 44 12 51 14 26 
45 18 47 45 48 29 45 2 19 20 27 
47 56 1 2 11 39 0 25 23 16 6 
51 38 60 0 54 38 45 45 52 14 51 
51 8 11 53 6 54 37 26 17 45 17 
5 27 27 44 12 8 48 52 47 33 57 
4 54 36 21 49 24 50 7 30 49 9 
Tempo Baseline: 9244066885
Tempo Otimizado: 6664735958

Ordem: 11
Iteração: 2
58 55 18 35 57 39 55 49 3 24 13 
6 30 25 28 49 60 44 24 53 52 50 
46 56 60 25 6 39 8 37 0 1 31 
55 2 11 7 0 40 1 20 32 4 33 
8 24 31 45 5 16 24 19 25 26 36 
44 54 55 8 20 45 2 1 16 58 29 
24 24 40 44 8 15 15 8 57 48 58 
48 55 2 19 15 47 57 23 60 32 40 
56 37 15 52 33 59 29 35 12 37 33 
47 11 37 34 57 42 32 9 29 51 15 
25 15 47 9 22 36 21 46 7 23 60 
Tempo Baseline: 9110461829
Tempo Otimizado: 8165529884

----------------------------------------------------------------------------------------------------

